Nodes are numbered from 1 to 17
[1,2,3,4,5,6,7,8,9,10,11,12,13,14,15,16,3,17,7,17,11,17,15,17,16,4,8]

[2,3,4,5,6,7,8,9,10,11,12,13,14,15,16,1,17,3,17,7,17,11,17,15,2,6,10]

The following 17 lists (for i = 1..17) describe rout(i,j) for j = 1..17;
if i=j the undefined value is denoted by 0

[
    [0, 1, 1, 1, 1, 1, 1, 1, 1, 1, 1, 1, 1, 1, 1, 1, 1], 
    [2, 0, 2, 2, 2, 2, 2, 2, 2, 2, 2, 2, 2, 2, 2, 2, 2], 
    [17, 17, 0, 3, 3, 3, 17, 17, 17, 17, 17, 17, 17, 17, 17, 17, 17], 
    [26, 26, 26, 0, 4, 26, 26, 26, 26, 26, 26, 26, 26, 26, 26, 26, 26 ], 
    [5, 5, 5, 5, 0, 5, 5, 5, 5, 5, 5, 5, 5, 5, 5, 5, 5], 
    [6, 6, 6, 6, 6, 0, 6, 6, 6, 6, 6, 6, 6, 6, 6, 6, 6], 
    [19, 19, 19, 19, 19, 19, 0, 7, 7, 7, 19, 19, 19, 19, 19, 19, 19], 
    [27, 27, 27, 27, 27, 27, 27, 0, 8, 27, 27, 27, 27, 27, 27, 27, 27 ], 
    [9, 9, 9, 9, 9, 9, 9, 9, 0, 9, 9, 9, 9, 9, 9, 9, 9], 
    [10, 10, 10, 10, 10, 10, 10, 10, 10, 0, 10, 10, 10, 10, 10, 10, 10], 
    [21, 21, 21, 21, 21, 21, 21, 21, 21, 21, 0, 11, 11, 11, 21, 21, 21], 
    [12, 12, 12, 12, 12, 12, 12, 12, 12, 12, 12, 0, 12, 12, 12, 12, 12], 
    [13, 13, 13, 13, 13, 13, 13, 13, 13, 13, 13, 13, 0, 13, 13, 13, 13], 
    [14, 14, 14, 14, 14, 14, 14, 14, 14, 14, 14, 14, 14, 0, 14, 14, 14], 
    [15, 15, 23, 23, 23, 23, 23, 23, 23, 23, 23, 23, 23, 23, 0, 15, 23], 
    [16, 25, 25, 25, 25, 25, 25, 25, 25, 25, 25, 25, 25, 25, 25, 0, 25], 
    [24, 24, 18, 18, 18, 18, 20, 20, 20, 20, 22, 22, 22, 22, 24, 24, 0], 
]